1000
50078190 24796740 12264596
86154576 18039232 13231401
96146476 70453466 28138439
25713742 17189003 62959266
645672 33485800 99552459
79412597 72419184 32408377
16256210 15656032 45790957
61399203 50251794 54879419
38667215 69886797 73522186
78821098 47563084 97683111
63490926 48803464 51480334
51142395 42738472 27993238
42248603 27574358 2602076
41971472 21512350 28870584
4045117 51888449 34419889
79316816 99575496 71668617
23692208 19652839 55664463
14357256 95307103 21357692
99356649 43236118 28825350
74609430 18335150 22780993
24579129 15564918 32438334
83681054 27058804 76459287
96638430 62589821 54292820
71775884 70577708 99135992
42775848 85307243 37589589
50939214 62792382 69003258
17607073 24513707 3871742
12852327 89451227 7782222
16113528 90505945 40354176
70918110 29544645 97296624
54593353 60212354 29300057
12815692 49704924 86018762
9838916 46357933 71787051
5785857 41389521 37740533
54241465 70959046 39960872
2779150 35479028 38933587
68411618 26027500 14605479
49400017 66691630 86229737
21332994 91218699 80424073
21082723 6930427 57280750
79961345 32237616 46909278
79131755 97090046 5271956
71382420 49699936 80903309
72249835 48516978 1860853
94371752 85984040 60103918
59488030 86206240 30119208
35536063 49548633 74077332
91628124 90723658 53606992
82795492 63536966 17404839
61646136 11855005 11741669
39231164 32260843 91832990
74516091 99118203 19285551
1515603 78621524 12461350
23701113 7747640 71820660
37261453 88275406 53062184
61776393 12418173 10776933
94039371 54676155 83903491
59244835 6733306 87139442
3706999 95689489 8634366
19378471 72098427 93260377
27090445 21637246 62131106
21445092 79018823 79584746
18459121 94908089 17766523
33555805 36809921 27405322
47262319 67205281 35455628
14224351 2378415 93128084
24864606 99075668 94257743
36428507 37926451 46169594
89407480 51482698 27250288
77147209 49391737 9500096
78355380 24768222 90678523
20783426 45414931 57067060
45602333 43168313 10924046
47371141 88070817 65710849
6725324 3396659 37410101
42890950 40581145 32349844
51127665 17756699 31395776
81732817 44342882 28837204
34781820 53236594 68742681
34293864 75906666 18439274
17788432 46844204 63598247
34078797 36279669 92965112
83642791 91261125 51355070
78705871 59403888 14998509
80254494 44036344 33814249
35867635 78550602 64274136
52479388 83642731 59755159
28502850 41016324 92457953
73031521 59665022 17915975
67114082 80500718 97007108
24489242 3363728 78691305
77279727 1399141 38131728
55175161 91999442 33998776
58960204 20360270 73769881
5097154 74099650 2935093
92297678 15591142 17201777
49956067 86046510 16539357
34337945 84054652 70181864
55029839 13388524 429030
69307907 73395764 32329369
85630743 77243038 81636009
28428231 52330206 35366737
58469011 32948435 25642958
71701336 94305806 60754466
53092499 64169953 31506436
96258806 51190994 88529443
10974668 80072790 4578789
94971552 93189949 93574681
47929465 34886682 40639806
77027279 73667458 1704762
73379438 22912674 61562365
14760586 92312516 20294314
33207210 88000713 95738008
80304112 57563668 52149631
37165503 4163890 25640537
22846310 66716706 63769017
52556887 89182112 1355102
26285446 22327266 72728465
47337878 67196862 81257806
80191077 78497266 96682342
48697998 14715513 76346259
15030865 51124531 68231864
95455055 69356845 20207699
86065631 85373628 24041044
57639033 5390724 16112197
82110821 7789666 94350639
96098492 86231409 45904606
42496090 71421050 69060951
87119909 28833405 91034960
62297275 13422089 45443578
23177749 6317295 7771282
64415165 39335077 24408190
93631401 51120640 46189945
64327738 40956250 41683511
98511898 69706972 36892036
69423897 35544464 87545005
92292150 43388559 42075852
45720040 62721934 78270176
75744092 73944581 2234666
67597592 21963600 11286101
15760461 85966181 63533005
36221920 73671740 90115103
83206768 73460638 87488757
741586 91925339 65411399
39079518 44165999 77048042
71400999 8932806 85255521
55059760 31399090 40223733
75963674 43604336 68732718
69871172 72911424 67661447
26381719 17396607 47133989
81503189 47571868 84224962
23830100 45303419 5478772
94402323 29446646 29026093
94360089 89628612 2916627
14282777 34369463 81868419
13426332 34153700 33623227
73281645 33127253 38652513
51706089 5119816 57184682
70014018 46991679 38758159
59460388 16107783 54872754
28647900 87937623 47846480
15121001 95269864 37996219
42622763 53870877 59257054
36670763 95020118 36704726
98918428 15791535 81787844
79916605 17471065 34020079
80699187 79432852 25688826
19493718 73574345 38426550
31280783 43568899 38047299
96908370 50472157 22534736
57889680 15836530 85405029
52319504 28479821 8735519
41694717 94754714 47046196
93813416 83203631 71786827
3695762 29825430 28014497
55488128 81187467 9073413
49170801 77880881 71715949
90393061 28574434 62800088
67841698 37410142 49596589
94920401 16783334 94698961
5740125 11754729 30798563
23778461 84312821 39778508
87707982 78764439 18288657
56369738 20824429 1276298
12331268 65994686 77135721
35104157 5534892 92661542
23589451 41709220 80262829
36820499 22449783 76515682
67185098 76927253 81860290
78521666 96585446 36682914
89901219 58288988 2402534
46370392 99368889 65701254
83578946 62466571 75142834
82029013 34302221 792097
68427982 90836313 8189070
68456019 64024893 4815802
90442393 50681651 7009265
58887953 36631049 91017341
68614738 31491503 98667376
72380741 5767605 1720441
96873930 83273698 46838793
59763984 67971049 8026071
28855925 86788413 19069698
94360700 49435943 36501695
25692129 32766307 85267677
59434384 45749590 62499844
86822260 5972662 23090879
26411184 34298822 17735388
70710919 67181213 40919984
69428025 78602989 7482785
92627038 87854292 78172140
43586393 24420327 56976408
93597261 70390202 65692579
97066326 28620135 86553507
17240559 44276061 9367573
95056278 43494376 24740879
79814949 61004910 22407773
11444387 6172349 81713510
9295525 18339142 85218154
63686140 38412717 88076921
54860907 12531878 56437694
51895362 87821820 18022041
29296319 43881696 63130774
25303102 61374604 98974948
17265590 95351666 94287685
37070754 89624938 28639612
18449199 63967724 75385790
92885796 49881068 28279202
76128172 18958905 91549076
73109282 98051805 80460600
5765124 57898250 73998665
29731273 24706278 59008752
76233607 87646405 51155453
2686034 97602567 82300664
91033545 92107532 11448327
91995282 3539646 16054174
23151988 495545 58836643
17166682 69440877 53066990
91917137 98980533 5706553
12702211 22370269 44568803
9008346 95875035 96427772
14509871 6009251 13432498
64274143 19289440 39608549
6825286 26690245 93590494
20792192 30254278 19930196
25147241 73764254 52901326
83167680 43106794 35369476
72827921 35213210 87729380
9926980 18533952 16324827
38866273 29540090 140140
29074342 15133752 60282401
55590993 81634330 98966865
90154459 4456025 53175992
57350801 57543944 51769909
90869079 35636521 67299675
15209038 12615884 37540628
19480458 99300396 22642883
97755198 91572319 62501184
74812287 62572236 77742692
97614760 39287077 90588684
78535886 17571016 19693140
76742054 35208326 3366997
75889218 65438088 29577759
509458 59498657 9330625
17272228 10735696 5240480
45866417 31105361 52092304
6306835 83654120 86145813
31551642 58462604 48935817
14950331 21614411 99903792
9203099 77446282 44825666
74224839 88469626 590045
49032457 42295235 85632860
6783831 87522568 5647910
389913 64991068 34135785
29194897 94340539 31357815
5542188 97952930 97891157
67124911 64857457 69537368
15388527 29260476 6633982
19930716 56182439 59713352
16445713 69530748 58040117
70630167 166695 83027939
42965083 31324892 32464538
17523740 52531027 52505252
68250827 98281177 48817095
64843263 97334195 71788614
6794222 37973265 21849520
2865510 20035716 75215150
72120856 3898424 83881830
96851239 74222728 51077818
43159333 68297797 91404242
67572544 32285933 63295810
5725749 83782272 86496687
45091173 3198921 73562533
54711887 57835177 49556222
55147737 536510 51116826
59872049 49761435 31892687
16593510 75752699 23715955
93467285 62690699 28495586
81708850 98473325 88834104
47929406 46017671 75233646
708676 54964946 75249678
97109330 58526396 87753564
2736060 31049653 51601340
77735233 64651426 3233162
46837121 14395555 63393017
31298279 95367883 39490829
88187364 25543653 78831516
59253889 22899008 28006411
77932122 2729872 11177289
69560186 86949430 88973218
95514750 6948642 31804898
24769912 84313038 46118277
45627037 87475424 68852363
15319789 19574126 95920675
60669128 54740779 74781397
93451081 15266265 49603114
23664504 19572391 22163700
50714934 20421704 92934462
69531428 83770389 61662508
19735119 85822975 43096323
72903947 80885124 98515051
92078288 85914029 30021459
74575133 83332292 86047474
142029 76174512 48982499
44521028 33677447 262641
80781114 35755804 72376508
2426000 18839279 20617518
35494669 86178969 51192199
20085536 65399290 80067127
26900955 9121 14190116
88094837 96760593 35049213
99822646 2660202 46813731
58459711 78677021 21198957
28047830 22466928 930484
65706827 51719879 60312069
83545329 91750002 40736709
8317456 37925509 47763276
95301111 52809563 94221663
33710976 26787643 63198540
11849543 6817137 63707226
53701002 80915766 28057620
54197541 31059848 65516897
46446993 59340217 70663732
14954654 68582229 96576830
12943127 72730274 76398568
95819066 79411 6767945
87953009 75998852 81939316
46028362 15809849 21655688
226308 3585420 57665522
2504013 5396207 18990545
89912931 3378410 1491390
84504877 21612736 53084499
37546615 83488219 39541399
70047285 11642471 34718314
74680608 33099925 32526164
90057908 97782989 20369534
71449668 99775321 81930
86615405 71489868 71145391
41361380 62915145 33241719
2121787 61702688 56360460
17629240 62214190 86077879
90928550 69380222 23648262
35158056 21621889 82871659
56900785 87872423 31249469
6528515 49026785 40729393
94154369 96934774 21769750
86474164 48979169 11274548
87880432 37929346 48934316
31203855 47304880 6598802
47562384 67116913 55778209
28978883 19882726 71674251
1585881 6801922 92677805
55618594 13965544 53118536
57450058 11360283 85873813
49364640 33929146 5090386
56953374 25699218 23337627
36279324 7511697 91361709
39926374 75916309 48707522
80390078 65856528 83439614
58636983 84157821 43137208
52853629 42983414 40611061
4777068 83026316 25633826
296223 96258931 57117073
58838562 99047114 51432089
70511504 67791822 15184355
32489580 83032331 30580836
45001392 83857 42001947
30594342 85690285 98585411
1037734 89721800 6079290
67097650 54741395 48301983
43631055 27223051 29348499
35093300 27794338 78734900
71990831 12664287 59981805
15331973 86432023 76284585
30140062 37263051 15667467
90020163 70480025 99659877
4879463 34363240 27809973
68145857 53182571 58467912
33613833 23721811 83932089
48056656 74854547 80508801
76863005 16032894 45709325
69974771 58566984 98965164
21912081 8406828 68160061
54329290 48982466 10215747
61199951 29030573 48559696
46312633 74953510 30593606
18939071 53338688 66178861
16125395 86985193 35371895
79729936 44545727 94964286
15737116 26125605 59630072
98587742 21294369 72511422
3291220 83204240 21341430
44868945 89424069 9253621
80439446 81829644 38433131
9693410 92768209 27073927
58501094 55924666 22430704
91362901 2851911 41010710
57476547 4302111 43420424
69672825 1032855 69513843
98744908 97376708 58750349
70239739 83255815 28726072
280264 19301306 15702275
50671754 76704603 17615647
11308895 19258251 12224982
26454979 29811167 74433957
37969373 71044419 5867000
86720624 39054906 99118088
88715246 41825476 96316746
82402690 16268277 6004722
60950495 6007020 34766287
24994858 64814229 770502
53853384 42711229 39391747
45288917 8199001 1703632
32234151 17119886 2378601
69453139 64762038 34265948
84817747 98393163 25493699
9163738 31618168 34229022
14008889 27406096 98235360
1724700 60138621 20806830
29982605 96501205 37242024
90629246 94358453 36102274
38953609 98519998 99007138
50872722 30639096 20166719
13176075 54337460 83878977
85547700 30306537 74908624
69992843 36451401 35444445
52047550 90451546 46774457
60235512 29910269 11679202
58028096 4979786 82827313
74206374 69849465 11137263
51470177 19047640 36949218
27369677 82082064 85438446
56903651 80640806 42514037
4438834 12364309 12775177
90554118 99715736 13503287
45813586 32107548 45897356
70972113 88118423 92038232
24489841 35357547 10002572
43436961 69258371 90898286
82824154 88960538 2802968
84819079 93590738 62736224
90138446 16386948 87873481
91696846 30491089 63438530
6198630 1766734 31569330
88738969 77766869 42927004
65442974 18633373 49859867
96013178 8880980 54013081
64164120 89411436 8151005
59457811 49747832 59619857
25750782 5653253 89105499
80605888 93560152 41684760
27078806 33810083 73101156
81642684 51577373 44111960
17885911 80400023 86471808
52920892 7029631 89836966
86384368 82463225 49066764
10259563 53347058 71832093
62356979 94842033 85283761
72086762 61979468 77465760
61090901 47819937 76804438
92772585 10505707 52006702
87128324 97915312 10238817
12581640 16824544 14453332
23297838 16133890 3645030
25495274 49311973 78231518
21700662 5983832 54062138
5853025 96278578 2478039
28653141 79467340 59738444
40430332 25428530 12000065
67476060 49468237 19444875
19934518 14045372 81164372
24663632 32742932 83632042
52650020 96690898 68581412
55076322 73301452 32679692
13537200 36527565 93371070
34908670 27628611 6660739
32436762 69893390 21056957
63606653 89825800 93496778
77487109 73218903 36361410
97912287 56180827 32953282
5685153 8220477 90081491
42923741 83284076 41165823
49169201 2263405 23828239
15924283 513794 30824892
5361465 52867995 64750526
26917249 36621857 7445282
3530616 87657724 54663063
41817463 34396680 4158740
52442739 49922179 50614660
21745262 44800372 23398752
24246755 18330259 39654350
21784906 7188257 47620670
7357301 94483615 26276233
34204180 94856608 38508147
96661989 61424114 37170009
17438262 3364783 46633941
32143079 32751185 50308078
58984385 61280977 64397086
54269762 68334693 8921134
74170051 12610316 76427901
91108723 61392992 11879397
67650617 23252352 67990041
53307458 97218846 85936471
5995886 21185871 64909652
80973838 45127191 13062394
21823087 72737014 71718309
16764464 49019815 47924615
43373619 84536136 89856946
92988317 77128246 52427371
28413263 50458683 8238133
78262742 42007802 36675955
22728100 41191806 74682535
71021512 31286822 38777231
21184796 23719727 87935645
9137713 59487230 72736216
50792445 28138025 62794979
93814379 85805350 74990585
21681141 74857307 48171748
29439220 42024561 45846370
35492242 18405285 27683205
86037934 42155025 41582358
56581629 73578749 95851770
36794505 86032526 89338902
63640531 70071741 99386217
27440025 71598936 79952704
49917812 36357060 51400800
43924398 31441721 48875693
73576895 21271806 64543001
98952193 78557177 9593590
46825171 14943888 14710997
57430803 13016088 16789512
80867058 84208176 69807827
94927791 97580708 56956904
79831131 65395364 91427683
909617 62076351 78506840
15478533 83123108 85536983
26564156 44312296 6137714
74272871 62119524 4765929
21302777 16995760 53625774
91663297 64926477 36642832
92742509 99086175 87878134
28439564 63049436 57359896
78613676 60527425 39371946
24376569 77193210 97608960
94320329 84082973 64373748
83955764 73437413 71329642
11790967 48051493 25327638
41846253 36726214 19946116
36860575 95013819 43319630
77646526 18703803 11408900
36639123 37816696 89393360
31163666 42801227 37285781
99250449 65323000 37930522
94537551 1720933 22473657
74316038 39060402 75371454
84600121 75793280 31365563
7824323 13724339 10158283
70741090 33891465 70328990
84539338 92995695 29156503
76457483 46738666 6887249
21638469 99416819 24202728
74499865 4310981 9526794
20171062 2114720 73098943
87328663 52705401 54606218
73654949 31530682 49046909
6702597 88606516 2292050
62168235 52483184 50824546
67379174 28210343 22287972
47381931 71140139 33550157
62703139 28498586 2270590
94771613 66388846 10597374
93938709 752126 29134661
9338055 98906244 67936346
9691326 90818755 49070813
89049839 33375477 50014927
78159407 27161081 34279403
66391919 99686768 91037631
39993053 19296198 34732378
96737960 18933202 6324649
28539872 81891327 79282447
60015767 33482970 69022345
34241537 55020941 78919358
17753940 11235957 70094297
73437117 97395000 28600336
96624228 21600870 56372646
17439788 15366701 78051484
51734026 49439871 1846048
68724811 90487230 3232783
47512230 97286080 73053305
24717808 29110750 46549800
64863098 43065764 88660651
24075959 63837535 5708932
84583879 71767313 52830924
92298084 19727973 9528326
15265533 28357492 18006546
7008934 60247622 53853034
25037736 65218037 41914116
75663009 65498912 64335348
28173726 41936411 35116641
6016855 32343919 11034401
81350974 17034927 6246176
49026165 48463082 61365630
94017002 8891103 48273258
76633478 98068041 92270416
76227042 90496776 3814654
95451756 70939111 49340678
43460000 40967204 89877684
94467514 15286770 66960194
51752978 33528409 62122197
28099414 38038204 89999142
16323155 17112268 94068179
72605196 2352723 76126391
29999438 13993477 81055264
31019512 18905305 57961267
41035660 18685639 72546012
38820215 99326581 15985350
97068861 23919443 42719385
19419233 65563570 71022353
29507444 77389699 82561576
67119828 18160071 22046032
73986311 19154075 19371275
82805092 29431123 84671522
94446176 38928489 48884214
33892156 24058485 69059980
42682844 73121207 56930245
30369207 62708500 90591113
60290848 11802536 80425324
59883258 91913038 38804446
67211681 62555983 86727203
18157715 9264750 46569224
89574884 34389999 57944234
66643962 38338706 46753946
71338076 77413932 16516515
55344798 72947401 67489492
47998261 86487304 71391738
4659343 62886444 38604799
75800856 75563681 40273518
79770606 99392067 57558901
53708108 35972002 25882660
63862814 44649664 47568600
17539040 2024186 23586697
58220883 88504907 83580410
70734878 86961459 21422562
44963141 91557452 29200716
71245308 98411799 82534742
42411055 68058935 92690695
80812681 7813297 8438407
70595297 94387722 73859825
1666278 22087181 83866528
26456214 40416708 41403590
73886893 41515152 5450653
21358863 34733253 56904844
63238351 59754277 92913455
63905531 54603698 31428881
48345342 33274215 70112805
4593657 32373880 41938633
36101478 381111 68074826
89199079 94967894 44632282
88134538 69020514 34452721
12091361 43940394 58908304
58438189 83410235 57813356
11838369 80664499 10394037
51006450 49556252 81354792
12500156 28702813 7870242
87125953 76470724 14504849
67042828 32600554 70655683
19316263 34823074 87255587
7145918 11559386 20687187
97566816 35614707 91934879
79339659 43827501 52094044
7791186 31370567 23069802
3823724 51172488 96788316
55760665 92442485 34490093
64248530 16122628 5607414
73688418 15393971 97521025
53879358 65414273 97258695
4402189 34191076 47760885
79598891 92950391 47873904
92871000 44033435 78628346
46837771 22802451 87849540
62617587 59642597 26381073
93787524 67407725 95056606
81401022 30001848 67138053
81354786 31730104 66782229
74498773 94547786 77119552
93599122 95974827 9624234
40200341 71647321 94977885
51100175 90461927 72974341
49242615 50951743 80146050
98246227 25381556 16956660
52520734 7007367 70395529
40879717 27589499 46862562
2797058 76175686 51149894
18823381 22190944 91971692
92662487 49880639 31329556
12073850 72422882 7053538
66601518 33918559 76513789
86188533 75962607 12703434
68073726 89330548 88207312
25250182 77192015 74938378
46057599 10643635 7563768
94413050 55646898 17455675
72161060 63257840 44463183
99191744 33580389 36593277
32115154 63915113 26883639
77558197 53833063 21782462
77587714 79673607 59102260
57411309 80655911 40291299
61525875 34187380 70012610
26261928 53624721 81708989
66973709 37539282 27895132
887502 17621573 42645686
27304730 41795787 10594685
98678317 16465417 58879027
70048873 39894660 83106961
82036756 61264384 27624726
39170712 28363716 73480411
78196081 95584506 89575168
32276536 46829824 94126313
81711692 50687483 76374364
97532667 39891112 64873975
21675299 74950376 37626353
14574998 27031326 95157584
83627801 90133742 77149041
87013975 90988335 49251360
60093068 19011496 10360568
92570270 33793646 18422138
97671053 34398552 68264854
3572250 1653294 8940270
68670431 68221502 37895671
37727771 40826544 21646388
203270 33620120 44242543
80752727 53850850 92130012
79682932 9073882 38295668
39951173 18695570 60878257
43318579 58407619 17992182
44827439 42269598 49422168
94384849 65819755 33471459
49875712 13290443 10499546
77952616 14527918 55009097
33419588 67519143 581728
82174073 7034502 45785232
7907896 56174722 80619685
46352140 28200047 67231014
51956855 29247833 75516484
42701653 14475178 32055122
60509594 78326718 96254051
76119632 78620789 9864179
61523063 91796148 58162001
39156661 3249698 54834503
73218302 5710650 57937135
99346579 41590459 17092277
45468349 69030941 92661845
42572595 5717070 65568197
25528181 70846306 85337024
24720945 43631527 34392255
83862274 34478586 42138107
87246511 48800116 35178127
42145465 59879362 66446560
34469614 84171197 16376717
38357858 66008829 70086854
97230913 39950388 62177909
10550709 67447554 48965144
21841955 29374289 13460535
64302774 19884622 32263268
1441212 15251573 58183500
8361239 33274370 86118869
23843442 49232559 58698198
95939958 12957154 38271841
51236262 20888116 96286057
9881849 50940618 58502944
42191250 15071162 45643999
25744621 8730199 15309457
37248409 77147926 34617177
14900764 2331591 99093181
28614705 75105639 43742477
33710314 43146422 71596089
22642831 9419283 42945366
20334284 88788555 79724588
63840935 6411007 95900987
55501697 31227336 92895737
61164160 10565973 82920901
64792524 10936201 9117415
37155413 2648748 93860378
3210043 33095327 26882629
90463621 70534169 16239498
70915341 13110966 76954713
69725652 5679674 46395460
95867633 15539489 44316792
87786880 96728392 6058821
76713631 45444735 51270518
59673215 30780246 48625843
84267919 93479605 14539734
40585700 95792135 49906051
37234967 88160649 49095511
17672332 68149281 12562461
67075735 57394695 48637091
31536539 64939904 85455567
30633967 16812761 90282709
83012981 13051444 14452190
46569028 99069740 65055567
61390974 30367112 5309413
46597785 5633205 24301518
79346833 48419202 9818417
51217527 18506785 78067582
77568385 47308593 68447329
60022324 13463545 89691298
3942423 75485763 75176454
92193898 86040982 57803145
81428867 84407608 97152952
16376111 53903753 19325508
95140723 93914544 3695710
12547589 65222805 95801549
51051405 77421712 24415175
10941821 2813599 18366901
14294548 42719828 35089729
27186118 31951618 42144919
81903697 28847882 76898622
93415430 11647032 42401424
20021435 50265576 57264551
15601507 71995756 54333494
41963111 14897794 72279020
27527730 11903256 1903635
14298605 73615949 47813077
7067562 35013046 51531465
46002553 96837735 67380058
88890584 81805675 39272095
65975367 45182816 23287559
50582716 95212410 72490434
55953097 15920454 58934963
5505151 64950984 53105279
88443380 15177222 19109433
88293009 28787736 55776689
66994100 38863005 24140508
51419330 6358159 70314516
54399718 30203728 10173391
52192046 42430483 45060918
22878118 47577792 67026530
29618517 36227115 59371113
51905545 404058 67413766
84486710 92982603 19887199
35429962 35978663 32099835
64095483 38211799 70801203
68601983 53265730 92792431
95713713 3925235 42251798
95199213 38053130 33198382
85839221 34130826 50478208
74521068 90026667 29667638
80170370 84408618 4882621
59859766 16107846 8530158
43500363 99549510 31031849
55723966 63504069 78921988
82013644 80531315 37466610
85182137 82094180 1768025
95896217 69808033 96261049
72211850 35315881 43576888
86540640 82498811 9081693
82732145 52692257 78263918
5801534 89231265 81729554
77688897 45209957 67305968
52750983 37683134 3250065
12076738 7614709 37708990
40591469 86662230 63219036
51562487 694312 11626704
4316374 67373995 54648920
7607439 62029798 47210449
50892129 16111020 26190732
62002351 69041739 64888961
40845362 15638471 16891590
677527 74737158 26727437
67804721 20291234 80034826
30642339 26353923 11057296
45876298 35328316 1522314
43378080 62519196 13195999
48538537 52670709 55389614
45656729 5185421 96692046
44829717 66295475 80151415
36459483 54702578 69676041
70758065 29606308 92492874
45252831 88426755 95050807
52562601 41491342 39739346
96434961 85810084 61821038
63155932 60292154 21855049
93492874 22492202 12194580
41812890 32579361 16368541
30766835 49004846 51482675
6858775 10044670 68179301
9910692 83199175 53537973
31759610 13234796 87993761
32947936 80089198 15206414
15505486 30794088 64142552
51176294 72430052 41761777
83791644 39557643 52773251
70691176 22194020 75243016
36565486 97616869 17598564
90375804 93867579 93736985
79134366 73549555 2032260
91176343 22530028 66486422
30065154 91877196 71792094
31551667 56212209 30092300
92349340 31194005 17795323
27185511 44769449 74422681
64954049 43942836 57643944
27411608 91968450 42800439
44550371 51936226 49153518
52110483 30510066 13252735
54613845 70878445 78435372
20793464 37644107 10246630
57327873 86802560 29194587
23446469 83097788 71657296
26397421 4625855 31480851
60806348 51856754 99317939
56750369 27777264 52312353
21877649 42022228 7629257
37485110 78685762 43032426
82852595 96581628 28983228
3833908 65257563 32174016
34293972 46835962 84220166
80208817 62106042 52304605
1752997 57378281 77154899
78167863 36937995 93586750
62247980 95064003 38765073
19137824 87252258 62372459
14064788 17167049 95388116
7665560 42352036 88094114
95358076 21842231 23419237
33295652 93180671 78025854
42771586 45242614 5196038
25204876 44945519 16640613
3305780 27709405 85901988
92321195 69464353 75717703
27724132 22974276 95483014
83035212 15291907 38187807
4130445 8147810 11411391
17231314 4947889 89732179
77814749 56019122 55244758
75448520 82054280 37165672
71964907 88353859 86151329
4120075 74749633 52858031
56137172 65900638 60600318
50215736 49115249 77783172
38949928 30061807 34889656
67660660 71797922 77517301
68584886 6490800 95064555
34386052 50080860 69077876
73104758 67455315 4026020
38894963 21347186 97952932
97106567 6362442 90097320
63049863 8439834 11963623
36747861 91139745 94134817
81550900 27441392 22383930
26834737 63284167 29399985
74114266 90128235 90934860
58292154 20709324 69914234
49718039 77807204 7156867
77900621 36907861 40573427
24987521 46860961 89679155
26798558 80123530 66616269
49416854 80950945 67958622
31308933 86423675 87214271
66194497 71563351 79544393
86496186 5677518 87185629
94592798 8680859 28388535
30980914 57812905 13213400
56931302 80996317 65626691
61033291 32655540 18341909
88700785 4633243 26747468
95391162 72260301 59582922
79601174 89764368 81610128
41559435 24742741 72236797
73118079 66048732 77556846
71446304 93729979 43687316
34217889 76958473 40651951
44972689 11880605 57981613
18318316 36418328 96399145
56661594 19267434 624743
74508346 72147567 10300649
71279550 61104695 51408047
26710062 82176824 58592880
33934279 75686813 86408033
